"Date","FOP","TP","NOx","NHx","TN","TSS","FecalColiform","TC","O.Saturation","OConcentration","Sp.Conductivity","Elec.Conductivity","TDS","Salinity","pH","MonthNumber","PondName","OSaturation"
2019-01-01,8.533333333,94.86666667,203.6666667,115,904.6666667,14.66666667,36.66666667,10.5,67.6,7.53,282,203.9,183.3,0.14,6.35,1,"Duck",NA
2019-02-01,18.7,126.6333333,273,62.66666667,629.6666667,18.66666667,330,9,104.9,12.12,105,73,68,0.05,7.16,2,"Duck",NA
2019-03-01,8,86.5,258,105.6666667,919.6666667,18.66666667,3.333333333,12.2,71.6,7.67,177,167,111,0.04,5.84,3,"Duck",NA
2019-04-01,7.1,163,79,253,1831,24.66666667,46.66666667,18.4,39.4,3.7,153,133,99,0.07,7.66,4,"Duck",NA
2019-05-01,11.6,357.5666667,212.3333333,534,4159,51,111.6666667,25.4,45.1,3.7,172,174,177,0.13,7.51,5,"Duck",NA
2019-06-01,9.7,212.9333333,203.6666667,547,2252.333333,36,90,26.1,17,3.72,294,300,192,0.14,6.3,6,"Duck",NA
2019-07-01,6.7,172.9333333,38,20,710.3333333,14,185,28,43.8,3.43,111.4,117.9,72.15,0.05,7.36,7,"Duck",NA
2019-08-01,1.6,231.2666667,8,2.333333333,1342.666667,45,301.6666667,27.7,134.8,10.6,112.6,118.5,73.45,0.05,7.06,8,"Duck",NA
2019-09-01,12.6,354.8333333,14,90,1162,39.33333333,531.6666667,26.1,54.5,4.41,169.2,172.8,109.85,0.08,6.98,9,"Duck",NA
2019-10-01,9.7,142.0333333,171.3333333,106,1109,25.33333333,0,20.9,164,14.62,237,209,148,0.11,7.26,10,"Duck",NA
2019-11-01,10.7,149.2666667,196.6666667,92.66666667,1079.666667,22,90,14.4,52.4,5.35,163.9,130.8,106.6,0.08,6.75,11,"Duck",NA
2019-12-01,20.5,133.9333333,235,2.333333333,840,16.33333333,81.66666667,9.1,129.2,14.88,138.8,96.8,90.35,0.07,7.01,12,"Duck",NA
2019-01-01,12.1,77.76666667,290,156.3333333,1133.333333,8.666666667,135,11.4,NA,2.85,272.6,201.8,177.45,0.13,6.28,1,"Upper",26.1
2019-02-01,12.5,79.86666667,280,41,622.3333333,18.33333333,66.66666667,9.6,NA,11.49,163,115,107,0.03,6.84,2,"Upper",100.1
2019-03-01,4,50.16666667,287.3333333,61.33333333,928,10.33333333,3.333333333,11.2,NA,13.62,291,200,187,0.03,5.9,3,"Upper",124.1
2019-04-01,27.5,111.5,11.33333333,177.6666667,1524.333333,8,21.66666667,18,NA,1.32,216,187,140,0.1,7.41,4,"Upper",13.9
2019-05-01,1.2,102.8,86.33333333,72.33333333,2024.333333,15.66666667,146.6666667,22.5,NA,2.26,333,317,216,0.16,7.26,5,"Upper",26.2
2019-06-01,5.7,101.2,76.33333333,212,1689,10.33333333,110,24.4,NA,2.86,265,261,172,0.12,6.4,6,"Upper",34.3
2019-07-01,7,88.5,280,11.66666667,769.3333333,11,103.3333333,27.3,NA,3.26,62.9,65.7,40.95,0.03,7.29,7,"Upper",41.2
2019-08-01,0.2,94.7,8,4.666666667,1098.666667,19,55,26.2,NA,11.67,92,94.1,59.8,0.04,7.14,8,"Upper",144.5
2019-09-01,0.2,78.66666667,167.6666667,20,844.3333333,4.333333333,1.666666667,25.5,NA,8.28,204.9,207,133.25,0.1,6.93,9,"Upper",101.2
2019-10-01,58.56666667,138.8333333,262.6666667,86.33333333,1233.333333,8,0,21.3,NA,13.58,230,214,149,0.11,6.86,10,"Upper",153
2019-11-01,55.66666667,169.8333333,107,54.33333333,640.3333333,8.333333333,6.666666667,15.7,NA,0.4,157.1,129.1,102.05,0.07,6.45,11,"Upper",4.1
2019-12-01,37,126.3333333,354,9,900,15.33333333,76.66666667,10.8,NA,10.97,135.9,98.9,88.4,0.06,6.97,12,"Upper",98.9
2019-01-01,47.26666667,121.8,362.6666667,106.3333333,946,0.666666667,5,10.5,NA,9.7,341.4,246.7,221.65,0.16,6.38,1,"South",87.6
2019-02-01,19.86666667,101.2,409.3333333,62.33333333,612.6666667,17,193.3333333,10.6,NA,14.73,163,117,106,0.08,7.29,2,"South",132.2
2019-04-01,39.86666667,158.4333333,317.6666667,198.6666667,1765.666667,5.333333333,25,15.9,NA,4.31,278,236,181,0.13,7.88,4,"South",44.6
2019-05-01,79.4,347.5333333,524.6666667,236.3333333,3328.666667,14.33333333,60,22.9,NA,2.73,305,293,198,0.14,7.83,5,"South",31.8
2019-06-01,58,200.1,371.6666667,107,1544.666667,10,136.6666667,24.3,NA,2.44,311,306,202,0.16,6.9,6,"South",29.2
2019-07-01,39.03333333,171,203,83.66666667,786,11.66666667,153.3333333,27.1,NA,4.98,152,158.1,98.8,0.07,7.64,7,"South",62.6
2019-08-01,21.56666667,116.5666667,295.3333333,55.33333333,1049.666667,8,3.333333333,25.8,NA,8.72,211.2,214.6,137.15,0.1,7.14,8,"South",107.2
2019-09-01,18.4,121.9333333,235,28,881,8.333333333,26.66666667,24.6,NA,6.98,225.6,223.8,146.9,0.11,7.18,9,"South",83.8
2019-10-01,14.2,128.4333333,249,93,1188.666667,20,0,20.4,NA,13.4,233,213,151,0.11,7.42,10,"South",148.7
2019-11-01,27.23333333,102.1666667,324.6666667,34.66666667,786.6666667,4.666666667,5,14.2,NA,6.58,279.8,222,182,0.13,7.44,11,"South",64.2
2019-12-01,21.5,88.33333333,304,21,919.6666667,7,35,9.4,NA,16.83,216.1,151.6,140.4,0.1,7.18,12,"South",146.9
